label
pseudo: 0.5
aAcc: 0.9858251214027405
IoU: [0.9841733  0.88046676]
Acc: [0.9943563 0.9192447]
Dice: [0.9920235 0.9364346]
Fscore: [0.99202347 0.93643457]
Precision: [0.9897016  0.95427954]
Recall: [0.9943563 0.9192447]

ndwi
ndwi: 0.5
aAcc: 0.9365317225456238
IoU: [0.9307316  0.56884456]
Acc: [0.96206635 0.73725045]
Dice: [0.96412325 0.72517645]
Fscore: [0.9641232 0.7251765]
Precision: [0.9661889 0.7134916]
Recall: [0.96206635 0.73725045]

phase 1
pseudo: 0.5
aAcc: 0.9635525345802307
IoU: [0.95955795 0.73051393]
Acc: [0.97555715 0.8698642 ]
Dice: [0.97936106 0.84427446]
Fscore: [0.97936106 0.84427446]
Precision: [0.9831947 0.8201473